(kicad_pcb (version 20171130) (host pcbnew 5.0.0)

  (general
    (thickness 1.6)
    (drawings 13)
    (tracks 241)
    (zones 0)
    (modules 15)
    (nets 50)
  )

  (page A4)
  (layers
    (0 F.Cu mixed)
    (31 B.Cu mixed)
    (32 B.Adhes user)
    (33 F.Adhes user)
    (34 B.Paste user)
    (35 F.Paste user)
    (36 B.SilkS user)
    (37 F.SilkS user)
    (38 B.Mask user)
    (39 F.Mask user)
    (40 Dwgs.User user)
    (41 Cmts.User user)
    (42 Eco1.User user)
    (43 Eco2.User user)
    (44 Edge.Cuts user)
    (45 Margin user)
    (46 B.CrtYd user)
    (47 F.CrtYd user)
    (48 B.Fab user)
    (49 F.Fab user)
  )

  (setup
    (last_trace_width 0.25)
    (trace_clearance 0.2)
    (zone_clearance 0.508)
    (zone_45_only no)
    (trace_min 0.2)
    (segment_width 0.2)
    (edge_width 0.15)
    (via_size 0.8)
    (via_drill 0.4)
    (via_min_size 0.4)
    (via_min_drill 0.3)
    (uvia_size 0.3)
    (uvia_drill 0.1)
    (uvias_allowed no)
    (uvia_min_size 0.2)
    (uvia_min_drill 0.1)
    (pcb_text_width 0.3)
    (pcb_text_size 1.5 1.5)
    (mod_edge_width 0.15)
    (mod_text_size 1 1)
    (mod_text_width 0.15)
    (pad_size 1.524 1.524)
    (pad_drill 0.762)
    (pad_to_mask_clearance 0.2)
    (aux_axis_origin 0 0)
    (visible_elements FFFFFF7F)
    (pcbplotparams
      (layerselection 0x010fc_ffffffff)
      (usegerberextensions false)
      (usegerberattributes false)
      (usegerberadvancedattributes false)
      (creategerberjobfile false)
      (excludeedgelayer true)
      (linewidth 0.100000)
      (plotframeref false)
      (viasonmask false)
      (mode 1)
      (useauxorigin false)
      (hpglpennumber 1)
      (hpglpenspeed 20)
      (hpglpendiameter 15.000000)
      (psnegative false)
      (psa4output false)
      (plotreference true)
      (plotvalue true)
      (plotinvisibletext false)
      (padsonsilk false)
      (subtractmaskfromsilk false)
      (outputformat 1)
      (mirror false)
      (drillshape 1)
      (scaleselection 1)
      (outputdirectory ""))
  )

  (net 0 "")
  (net 1 /P39)
  (net 2 /P28)
  (net 3 /P27)
  (net 4 /P26)
  (net 5 /P25)
  (net 6 /P24)
  (net 7 /P23)
  (net 8 /P22)
  (net 9 /P2)
  (net 10 /P20)
  (net 11 /P19)
  (net 12 /P10)
  (net 13 /P18)
  (net 14 /P9)
  (net 15 /P17)
  (net 16 /P8)
  (net 17 /P16)
  (net 18 /P7)
  (net 19 /P40)
  (net 20 /P15)
  (net 21 /P6)
  (net 22 /P14)
  (net 23 /P5)
  (net 24 /P13)
  (net 25 /P4)
  (net 26 /P12)
  (net 27 /P3)
  (net 28 /P38)
  (net 29 /P37)
  (net 30 /P36)
  (net 31 /P35)
  (net 32 /P34)
  (net 33 /P33)
  (net 34 /P32)
  (net 35 /P29)
  (net 36 "Net-(U2-Pad13)")
  (net 37 "Net-(U2-Pad14)")
  (net 38 "Net-(U2-Pad9)")
  (net 39 "Net-(U2-Pad10)")
  (net 40 /P_WE)
  (net 41 /P_RST)
  (net 42 "Net-(U2-Pad15)")
  (net 43 /P_A18)
  (net 44 VCC)
  (net 45 VSS)
  (net 46 /P1_2)
  (net 47 /P1_1)
  (net 48 /P31_1)
  (net 49 /P31_2)

  (net_class Default "This is the default net class."
    (clearance 0.2)
    (trace_width 0.25)
    (via_dia 0.8)
    (via_drill 0.4)
    (uvia_dia 0.3)
    (uvia_drill 0.1)
    (add_net /P10)
    (add_net /P12)
    (add_net /P13)
    (add_net /P14)
    (add_net /P15)
    (add_net /P16)
    (add_net /P17)
    (add_net /P18)
    (add_net /P19)
    (add_net /P1_1)
    (add_net /P1_2)
    (add_net /P2)
    (add_net /P20)
    (add_net /P22)
    (add_net /P23)
    (add_net /P24)
    (add_net /P25)
    (add_net /P26)
    (add_net /P27)
    (add_net /P28)
    (add_net /P29)
    (add_net /P3)
    (add_net /P31_1)
    (add_net /P31_2)
    (add_net /P32)
    (add_net /P33)
    (add_net /P34)
    (add_net /P35)
    (add_net /P36)
    (add_net /P37)
    (add_net /P38)
    (add_net /P39)
    (add_net /P4)
    (add_net /P40)
    (add_net /P5)
    (add_net /P6)
    (add_net /P7)
    (add_net /P8)
    (add_net /P9)
    (add_net /P_A18)
    (add_net /P_RST)
    (add_net /P_WE)
    (add_net "Net-(U2-Pad10)")
    (add_net "Net-(U2-Pad13)")
    (add_net "Net-(U2-Pad14)")
    (add_net "Net-(U2-Pad15)")
    (add_net "Net-(U2-Pad9)")
    (add_net VCC)
    (add_net VSS)
  )

  (module FF:27C4002 (layer F.Cu) (tedit 5BD090AC) (tstamp 5BBCC10D)
    (at 97.087 63.754)
    (descr "40-lead dip package, row spacing 15.24 mm (600 mils)")
    (tags "dil dip 2.54 600")
    (path /55AF4EC7)
    (fp_text reference U1 (at 0 -5.22) (layer F.Fab)
      (effects (font (size 1 1) (thickness 0.15)))
    )
    (fp_text value 27C4002 (at 0 -3.72) (layer F.Fab)
      (effects (font (size 1 1) (thickness 0.15)))
    )
    (fp_line (start -1.05 -2.45) (end -1.05 50.75) (layer F.CrtYd) (width 0.05))
    (fp_line (start 16.3 -2.45) (end 16.3 50.75) (layer F.CrtYd) (width 0.05))
    (fp_line (start -1.05 -2.45) (end 16.3 -2.45) (layer F.CrtYd) (width 0.05))
    (fp_line (start -1.05 50.75) (end 16.3 50.75) (layer F.CrtYd) (width 0.05))
    (pad 1 thru_hole oval (at 0 0) (size 2.05 2.05) (drill 1.3) (layers *.Cu *.Mask F.SilkS)
      (net 47 /P1_1))
    (pad 2 thru_hole oval (at 0 2.54) (size 2.05 2.05) (drill 1.3) (layers *.Cu *.Mask F.SilkS)
      (net 9 /P2))
    (pad 3 thru_hole oval (at 0 5.08) (size 2.05 2.05) (drill 1.3) (layers *.Cu *.Mask F.SilkS)
      (net 27 /P3))
    (pad 4 thru_hole oval (at 0 7.62) (size 2.05 2.05) (drill 1.3) (layers *.Cu *.Mask F.SilkS)
      (net 25 /P4))
    (pad 5 thru_hole oval (at 0 10.16) (size 2.05 2.05) (drill 1.3) (layers *.Cu *.Mask F.SilkS)
      (net 23 /P5))
    (pad 6 thru_hole oval (at 0 12.7) (size 2.05 2.05) (drill 1.3) (layers *.Cu *.Mask F.SilkS)
      (net 21 /P6))
    (pad 7 thru_hole oval (at 0 15.24) (size 2.05 2.05) (drill 1.3) (layers *.Cu *.Mask F.SilkS)
      (net 18 /P7))
    (pad 8 thru_hole oval (at 0 17.78) (size 2.05 2.05) (drill 1.3) (layers *.Cu *.Mask F.SilkS)
      (net 16 /P8))
    (pad 9 thru_hole oval (at 0 20.32) (size 2.05 2.05) (drill 1.3) (layers *.Cu *.Mask F.SilkS)
      (net 14 /P9))
    (pad 10 thru_hole oval (at 0 22.86) (size 2.05 2.05) (drill 1.3) (layers *.Cu *.Mask F.SilkS)
      (net 12 /P10))
    (pad 11 thru_hole oval (at 0 25.4) (size 2.05 2.05) (drill 1.3) (layers *.Cu *.Mask F.SilkS)
      (net 45 VSS))
    (pad 12 thru_hole oval (at 0 27.94) (size 2.05 2.05) (drill 1.3) (layers *.Cu *.Mask F.SilkS)
      (net 26 /P12))
    (pad 13 thru_hole oval (at 0 30.48) (size 2.05 2.05) (drill 1.3) (layers *.Cu *.Mask F.SilkS)
      (net 24 /P13))
    (pad 14 thru_hole oval (at 0 33.02) (size 2.05 2.05) (drill 1.3) (layers *.Cu *.Mask F.SilkS)
      (net 22 /P14))
    (pad 15 thru_hole oval (at 0 35.56) (size 2.05 2.05) (drill 1.3) (layers *.Cu *.Mask F.SilkS)
      (net 20 /P15))
    (pad 16 thru_hole oval (at 0 38.1) (size 2.05 2.05) (drill 1.3) (layers *.Cu *.Mask F.SilkS)
      (net 17 /P16))
    (pad 17 thru_hole oval (at 0 40.64) (size 2.05 2.05) (drill 1.3) (layers *.Cu *.Mask F.SilkS)
      (net 15 /P17))
    (pad 18 thru_hole oval (at 0 43.18) (size 2.05 2.05) (drill 1.3) (layers *.Cu *.Mask F.SilkS)
      (net 13 /P18))
    (pad 19 thru_hole oval (at 0 45.72) (size 2.05 2.05) (drill 1.3) (layers *.Cu *.Mask F.SilkS)
      (net 11 /P19))
    (pad 20 thru_hole oval (at 0 48.26) (size 2.05 2.05) (drill 1.3) (layers *.Cu *.Mask F.SilkS)
      (net 10 /P20))
    (pad 21 thru_hole oval (at 15.24 48.26) (size 2.05 2.05) (drill 1.3) (layers *.Cu *.Mask F.SilkS)
      (net 44 VCC))
    (pad 22 thru_hole oval (at 15.24 45.72) (size 2.05 2.05) (drill 1.3) (layers *.Cu *.Mask F.SilkS)
      (net 8 /P22))
    (pad 23 thru_hole oval (at 15.24 43.18) (size 2.05 2.05) (drill 1.3) (layers *.Cu *.Mask F.SilkS)
      (net 7 /P23))
    (pad 24 thru_hole oval (at 15.24 40.64) (size 2.05 2.05) (drill 1.3) (layers *.Cu *.Mask F.SilkS)
      (net 6 /P24))
    (pad 25 thru_hole oval (at 15.24 38.1) (size 2.05 2.05) (drill 1.3) (layers *.Cu *.Mask F.SilkS)
      (net 5 /P25))
    (pad 26 thru_hole oval (at 15.24 35.56) (size 2.05 2.05) (drill 1.3) (layers *.Cu *.Mask F.SilkS)
      (net 4 /P26))
    (pad 27 thru_hole oval (at 15.24 33.02) (size 2.05 2.05) (drill 1.3) (layers *.Cu *.Mask F.SilkS)
      (net 3 /P27))
    (pad 28 thru_hole oval (at 15.24 30.48) (size 2.05 2.05) (drill 1.3) (layers *.Cu *.Mask F.SilkS)
      (net 2 /P28))
    (pad 29 thru_hole oval (at 15.24 27.94) (size 2.05 2.05) (drill 1.3) (layers *.Cu *.Mask F.SilkS)
      (net 35 /P29))
    (pad 30 thru_hole oval (at 15.24 25.4) (size 2.05 2.05) (drill 1.3) (layers *.Cu *.Mask F.SilkS)
      (net 45 VSS))
    (pad 31 thru_hole oval (at 15.24 22.86) (size 2.05 2.05) (drill 1.3) (layers *.Cu *.Mask F.SilkS)
      (net 48 /P31_1))
    (pad 32 thru_hole oval (at 15.24 20.32) (size 2.05 2.05) (drill 1.3) (layers *.Cu *.Mask F.SilkS)
      (net 34 /P32))
    (pad 33 thru_hole oval (at 15.24 17.78) (size 2.05 2.05) (drill 1.3) (layers *.Cu *.Mask F.SilkS)
      (net 33 /P33))
    (pad 34 thru_hole oval (at 15.24 15.24) (size 2.05 2.05) (drill 1.3) (layers *.Cu *.Mask F.SilkS)
      (net 32 /P34))
    (pad 35 thru_hole oval (at 15.24 12.7) (size 2.05 2.05) (drill 1.3) (layers *.Cu *.Mask F.SilkS)
      (net 31 /P35))
    (pad 36 thru_hole oval (at 15.24 10.16) (size 2.05 2.05) (drill 1.3) (layers *.Cu *.Mask F.SilkS)
      (net 30 /P36))
    (pad 37 thru_hole oval (at 15.24 7.62) (size 2.05 2.05) (drill 1.3) (layers *.Cu *.Mask F.SilkS)
      (net 29 /P37))
    (pad 38 thru_hole oval (at 15.24 5.08) (size 2.05 2.05) (drill 1.3) (layers *.Cu *.Mask F.SilkS)
      (net 28 /P38))
    (pad 39 thru_hole oval (at 15.24 2.54) (size 2.05 2.05) (drill 1.3) (layers *.Cu *.Mask F.SilkS)
      (net 1 /P39))
    (pad 40 thru_hole oval (at 15.24 0) (size 2.05 2.05) (drill 1.3) (layers *.Cu *.Mask F.SilkS)
      (net 19 /P40))
    (model Housings_DIP.3dshapes/DIP-40_W15.24mm.wrl
      (at (xyz 0 0 0))
      (scale (xyz 1 1 1))
      (rotate (xyz 0 0 0))
    )
  )

  (module Resistor_SMD:R_0603_1608Metric (layer B.Cu) (tedit 5BC5C373) (tstamp 5BC088DA)
    (at 107.696 92.456 180)
    (descr "Resistor SMD 0603 (1608 Metric), square (rectangular) end terminal, IPC_7351 nominal, (Body size source: http://www.tortai-tech.com/upload/download/2011102023233369053.pdf), generated with kicad-footprint-generator")
    (tags resistor)
    (path /5BC1FF61)
    (attr smd)
    (fp_text reference R7 (at 0 1.43 180) (layer B.SilkS)
      (effects (font (size 1 1) (thickness 0.15)) (justify mirror))
    )
    (fp_text value 10k (at 0 -1.43 180) (layer B.SilkS)
      (effects (font (size 1 1) (thickness 0.15)) (justify mirror))
    )
    (fp_text user %R (at 0 0 180) (layer B.Fab)
      (effects (font (size 0.4 0.4) (thickness 0.06)) (justify mirror))
    )
    (fp_line (start 1.48 -0.73) (end -1.48 -0.73) (layer B.CrtYd) (width 0.05))
    (fp_line (start 1.48 0.73) (end 1.48 -0.73) (layer B.CrtYd) (width 0.05))
    (fp_line (start -1.48 0.73) (end 1.48 0.73) (layer B.CrtYd) (width 0.05))
    (fp_line (start -1.48 -0.73) (end -1.48 0.73) (layer B.CrtYd) (width 0.05))
    (fp_line (start -0.162779 -0.51) (end 0.162779 -0.51) (layer B.SilkS) (width 0.12))
    (fp_line (start -0.162779 0.51) (end 0.162779 0.51) (layer B.SilkS) (width 0.12))
    (fp_line (start 0.8 -0.4) (end -0.8 -0.4) (layer B.Fab) (width 0.1))
    (fp_line (start 0.8 0.4) (end 0.8 -0.4) (layer B.Fab) (width 0.1))
    (fp_line (start -0.8 0.4) (end 0.8 0.4) (layer B.Fab) (width 0.1))
    (fp_line (start -0.8 -0.4) (end -0.8 0.4) (layer B.Fab) (width 0.1))
    (pad 2 smd roundrect (at 0.7875 0 180) (size 0.875 0.95) (layers B.Cu B.Paste B.Mask) (roundrect_rratio 0.25)
      (net 44 VCC))
    (pad 1 smd roundrect (at -0.7875 0 180) (size 0.875 0.95) (layers B.Cu B.Paste B.Mask) (roundrect_rratio 0.25)
      (net 49 /P31_2))
    (model ${KISYS3DMOD}/Resistor_SMD.3dshapes/R_0603_1608Metric.wrl
      (at (xyz 0 0 0))
      (scale (xyz 1 1 1))
      (rotate (xyz 0 0 0))
    )
  )

  (module Resistor_SMD:R_0603_1608Metric (layer B.Cu) (tedit 5B301BBD) (tstamp 5BC088C9)
    (at 108.966 85.598)
    (descr "Resistor SMD 0603 (1608 Metric), square (rectangular) end terminal, IPC_7351 nominal, (Body size source: http://www.tortai-tech.com/upload/download/2011102023233369053.pdf), generated with kicad-footprint-generator")
    (tags resistor)
    (path /5BC1B265)
    (attr smd)
    (fp_text reference R6 (at 0 1.43) (layer B.SilkS)
      (effects (font (size 1 1) (thickness 0.15)) (justify mirror))
    )
    (fp_text value 0 (at 0 -1.43) (layer B.Fab)
      (effects (font (size 1 1) (thickness 0.15)) (justify mirror))
    )
    (fp_line (start -0.8 -0.4) (end -0.8 0.4) (layer B.Fab) (width 0.1))
    (fp_line (start -0.8 0.4) (end 0.8 0.4) (layer B.Fab) (width 0.1))
    (fp_line (start 0.8 0.4) (end 0.8 -0.4) (layer B.Fab) (width 0.1))
    (fp_line (start 0.8 -0.4) (end -0.8 -0.4) (layer B.Fab) (width 0.1))
    (fp_line (start -0.162779 0.51) (end 0.162779 0.51) (layer B.SilkS) (width 0.12))
    (fp_line (start -0.162779 -0.51) (end 0.162779 -0.51) (layer B.SilkS) (width 0.12))
    (fp_line (start -1.48 -0.73) (end -1.48 0.73) (layer B.CrtYd) (width 0.05))
    (fp_line (start -1.48 0.73) (end 1.48 0.73) (layer B.CrtYd) (width 0.05))
    (fp_line (start 1.48 0.73) (end 1.48 -0.73) (layer B.CrtYd) (width 0.05))
    (fp_line (start 1.48 -0.73) (end -1.48 -0.73) (layer B.CrtYd) (width 0.05))
    (fp_text user %R (at 0 0) (layer B.Fab)
      (effects (font (size 0.4 0.4) (thickness 0.06)) (justify mirror))
    )
    (pad 1 smd roundrect (at -0.7875 0) (size 0.875 0.95) (layers B.Cu B.Paste B.Mask) (roundrect_rratio 0.25)
      (net 46 /P1_2))
    (pad 2 smd roundrect (at 0.7875 0) (size 0.875 0.95) (layers B.Cu B.Paste B.Mask) (roundrect_rratio 0.25)
      (net 48 /P31_1))
    (model ${KISYS3DMOD}/Resistor_SMD.3dshapes/R_0603_1608Metric.wrl
      (at (xyz 0 0 0))
      (scale (xyz 1 1 1))
      (rotate (xyz 0 0 0))
    )
  )

  (module Resistor_SMD:R_0603_1608Metric (layer B.Cu) (tedit 5B301BBD) (tstamp 5BC088B8)
    (at 109.728 89.408 90)
    (descr "Resistor SMD 0603 (1608 Metric), square (rectangular) end terminal, IPC_7351 nominal, (Body size source: http://www.tortai-tech.com/upload/download/2011102023233369053.pdf), generated with kicad-footprint-generator")
    (tags resistor)
    (path /5BC171B2)
    (attr smd)
    (fp_text reference R5 (at 0 1.43 90) (layer B.SilkS)
      (effects (font (size 1 1) (thickness 0.15)) (justify mirror))
    )
    (fp_text value 0 (at 0 -1.43 90) (layer B.Fab)
      (effects (font (size 1 1) (thickness 0.15)) (justify mirror))
    )
    (fp_text user %R (at 0 0 90) (layer B.Fab)
      (effects (font (size 0.4 0.4) (thickness 0.06)) (justify mirror))
    )
    (fp_line (start 1.48 -0.73) (end -1.48 -0.73) (layer B.CrtYd) (width 0.05))
    (fp_line (start 1.48 0.73) (end 1.48 -0.73) (layer B.CrtYd) (width 0.05))
    (fp_line (start -1.48 0.73) (end 1.48 0.73) (layer B.CrtYd) (width 0.05))
    (fp_line (start -1.48 -0.73) (end -1.48 0.73) (layer B.CrtYd) (width 0.05))
    (fp_line (start -0.162779 -0.51) (end 0.162779 -0.51) (layer B.SilkS) (width 0.12))
    (fp_line (start -0.162779 0.51) (end 0.162779 0.51) (layer B.SilkS) (width 0.12))
    (fp_line (start 0.8 -0.4) (end -0.8 -0.4) (layer B.Fab) (width 0.1))
    (fp_line (start 0.8 0.4) (end 0.8 -0.4) (layer B.Fab) (width 0.1))
    (fp_line (start -0.8 0.4) (end 0.8 0.4) (layer B.Fab) (width 0.1))
    (fp_line (start -0.8 -0.4) (end -0.8 0.4) (layer B.Fab) (width 0.1))
    (pad 2 smd roundrect (at 0.7875 0 90) (size 0.875 0.95) (layers B.Cu B.Paste B.Mask) (roundrect_rratio 0.25)
      (net 48 /P31_1))
    (pad 1 smd roundrect (at -0.7875 0 90) (size 0.875 0.95) (layers B.Cu B.Paste B.Mask) (roundrect_rratio 0.25)
      (net 49 /P31_2))
    (model ${KISYS3DMOD}/Resistor_SMD.3dshapes/R_0603_1608Metric.wrl
      (at (xyz 0 0 0))
      (scale (xyz 1 1 1))
      (rotate (xyz 0 0 0))
    )
  )

  (module Resistor_SMD:R_0603_1608Metric (layer F.Cu) (tedit 5B301BBD) (tstamp 5BC088A7)
    (at 100.076 63.754 180)
    (descr "Resistor SMD 0603 (1608 Metric), square (rectangular) end terminal, IPC_7351 nominal, (Body size source: http://www.tortai-tech.com/upload/download/2011102023233369053.pdf), generated with kicad-footprint-generator")
    (tags resistor)
    (path /5BC0BC15)
    (attr smd)
    (fp_text reference R4 (at 0 -1.43 180) (layer F.SilkS)
      (effects (font (size 1 1) (thickness 0.15)))
    )
    (fp_text value 0 (at 0 1.43 180) (layer F.Fab)
      (effects (font (size 1 1) (thickness 0.15)))
    )
    (fp_line (start -0.8 0.4) (end -0.8 -0.4) (layer F.Fab) (width 0.1))
    (fp_line (start -0.8 -0.4) (end 0.8 -0.4) (layer F.Fab) (width 0.1))
    (fp_line (start 0.8 -0.4) (end 0.8 0.4) (layer F.Fab) (width 0.1))
    (fp_line (start 0.8 0.4) (end -0.8 0.4) (layer F.Fab) (width 0.1))
    (fp_line (start -0.162779 -0.51) (end 0.162779 -0.51) (layer F.SilkS) (width 0.12))
    (fp_line (start -0.162779 0.51) (end 0.162779 0.51) (layer F.SilkS) (width 0.12))
    (fp_line (start -1.48 0.73) (end -1.48 -0.73) (layer F.CrtYd) (width 0.05))
    (fp_line (start -1.48 -0.73) (end 1.48 -0.73) (layer F.CrtYd) (width 0.05))
    (fp_line (start 1.48 -0.73) (end 1.48 0.73) (layer F.CrtYd) (width 0.05))
    (fp_line (start 1.48 0.73) (end -1.48 0.73) (layer F.CrtYd) (width 0.05))
    (fp_text user %R (at 0 0 180) (layer F.Fab)
      (effects (font (size 0.4 0.4) (thickness 0.06)))
    )
    (pad 1 smd roundrect (at -0.7875 0 180) (size 0.875 0.95) (layers F.Cu F.Paste F.Mask) (roundrect_rratio 0.25)
      (net 46 /P1_2))
    (pad 2 smd roundrect (at 0.7875 0 180) (size 0.875 0.95) (layers F.Cu F.Paste F.Mask) (roundrect_rratio 0.25)
      (net 47 /P1_1))
    (model ${KISYS3DMOD}/Resistor_SMD.3dshapes/R_0603_1608Metric.wrl
      (at (xyz 0 0 0))
      (scale (xyz 1 1 1))
      (rotate (xyz 0 0 0))
    )
  )

  (module Package_SO:TSOP-I-48_18.4x12mm_P0.5mm (layer F.Cu) (tedit 5BC5C42C) (tstamp 5BC0843B)
    (at 104.648 87.122 270)
    (descr "TSOP I, 32 pins, 18.4x8mm body (https://www.micron.com/~/media/documents/products/technical-note/nor-flash/tn1225_land_pad_design.pdf)")
    (tags "TSOP I 32")
    (path /55AF4F2A)
    (attr smd)
    (fp_text reference U2 (at 0 -7 270) (layer F.Fab)
      (effects (font (size 1 1) (thickness 0.15)))
    )
    (fp_text value 29F800 (at 0 7 270) (layer F.Fab)
      (effects (font (size 1 1) (thickness 0.15)))
    )
    (fp_line (start -10.55 6.25) (end -10.55 -6.25) (layer F.CrtYd) (width 0.05))
    (fp_line (start 10.55 6.25) (end -10.55 6.25) (layer F.CrtYd) (width 0.05))
    (fp_line (start 10.55 -6.25) (end 10.55 6.25) (layer F.CrtYd) (width 0.05))
    (fp_line (start -10.55 -6.25) (end 10.55 -6.25) (layer F.CrtYd) (width 0.05))
    (fp_line (start -9.2 6.12) (end 9.2 6.12) (layer F.SilkS) (width 0.12))
    (fp_line (start 9.2 -6.12) (end -10.2 -6.12) (layer F.SilkS) (width 0.1))
    (fp_line (start -8.2 -6) (end -9.2 -5) (layer F.Fab) (width 0.1))
    (fp_text user %R (at 0 0 270) (layer F.Fab)
      (effects (font (size 1 1) (thickness 0.15)))
    )
    (fp_line (start 9.2 -6) (end 9.2 6) (layer F.Fab) (width 0.1))
    (fp_line (start 9.2 6) (end -9.2 6) (layer F.Fab) (width 0.1))
    (fp_line (start -9.2 6) (end -9.2 -5) (layer F.Fab) (width 0.1))
    (fp_line (start -8.2 -6) (end 9.2 -6) (layer F.Fab) (width 0.1))
    (pad 1 smd rect (at -9.75 -5.75 270) (size 1.1 0.25) (layers F.Cu F.Paste F.Mask)
      (net 33 /P33))
    (pad 25 smd rect (at 9.75 5.75 270) (size 1.1 0.25) (layers F.Cu F.Paste F.Mask)
      (net 14 /P9))
    (pad 2 smd rect (at -9.75 -5.25 270) (size 1.1 0.25) (layers F.Cu F.Paste F.Mask)
      (net 32 /P34))
    (pad 3 smd rect (at -9.75 -4.75 270) (size 1.1 0.25) (layers F.Cu F.Paste F.Mask)
      (net 31 /P35))
    (pad 4 smd rect (at -9.75 -4.25 270) (size 1.1 0.25) (layers F.Cu F.Paste F.Mask)
      (net 30 /P36))
    (pad 5 smd rect (at -9.75 -3.75 270) (size 1.1 0.25) (layers F.Cu F.Paste F.Mask)
      (net 29 /P37))
    (pad 6 smd rect (at -9.75 -3.25 270) (size 1.1 0.25) (layers F.Cu F.Paste F.Mask)
      (net 28 /P38))
    (pad 7 smd rect (at -9.75 -2.75 270) (size 1.1 0.25) (layers F.Cu F.Paste F.Mask)
      (net 1 /P39))
    (pad 8 smd rect (at -9.75 -2.25 270) (size 1.1 0.25) (layers F.Cu F.Paste F.Mask)
      (net 19 /P40))
    (pad 9 smd rect (at -9.75 -1.75 270) (size 1.1 0.25) (layers F.Cu F.Paste F.Mask)
      (net 38 "Net-(U2-Pad9)"))
    (pad 10 smd rect (at -9.75 -1.25 270) (size 1.1 0.25) (layers F.Cu F.Paste F.Mask)
      (net 39 "Net-(U2-Pad10)"))
    (pad 11 smd rect (at -9.75 -0.75 270) (size 1.1 0.25) (layers F.Cu F.Paste F.Mask)
      (net 40 /P_WE))
    (pad 12 smd rect (at -9.75 -0.25 270) (size 1.1 0.25) (layers F.Cu F.Paste F.Mask)
      (net 41 /P_RST))
    (pad 13 smd rect (at -9.75 0.25 270) (size 1.1 0.25) (layers F.Cu F.Paste F.Mask)
      (net 36 "Net-(U2-Pad13)"))
    (pad 14 smd rect (at -9.75 0.75 270) (size 1.1 0.25) (layers F.Cu F.Paste F.Mask)
      (net 37 "Net-(U2-Pad14)"))
    (pad 15 smd rect (at -9.75 1.25 270) (size 1.1 0.25) (layers F.Cu F.Paste F.Mask)
      (net 42 "Net-(U2-Pad15)"))
    (pad 16 smd rect (at -9.75 1.75 270) (size 1.1 0.25) (layers F.Cu F.Paste F.Mask)
      (net 43 /P_A18))
    (pad 17 smd rect (at -9.75 2.25 270) (size 1.1 0.25) (layers F.Cu F.Paste F.Mask)
      (net 46 /P1_2))
    (pad 18 smd rect (at -9.75 2.75 270) (size 1.1 0.25) (layers F.Cu F.Paste F.Mask)
      (net 9 /P2))
    (pad 19 smd rect (at -9.75 3.25 270) (size 1.1 0.25) (layers F.Cu F.Paste F.Mask)
      (net 27 /P3))
    (pad 20 smd rect (at -9.75 3.75 270) (size 1.1 0.25) (layers F.Cu F.Paste F.Mask)
      (net 25 /P4))
    (pad 21 smd rect (at -9.75 4.25 270) (size 1.1 0.25) (layers F.Cu F.Paste F.Mask)
      (net 23 /P5))
    (pad 22 smd rect (at -9.75 4.75 270) (size 1.1 0.25) (layers F.Cu F.Paste F.Mask)
      (net 21 /P6))
    (pad 23 smd rect (at -9.75 5.25 270) (size 1.1 0.25) (layers F.Cu F.Paste F.Mask)
      (net 18 /P7))
    (pad 24 smd rect (at -9.75 5.75 270) (size 1.1 0.25) (layers F.Cu F.Paste F.Mask)
      (net 16 /P8))
    (pad 26 smd rect (at 9.75 5.25 270) (size 1.1 0.25) (layers F.Cu F.Paste F.Mask)
      (net 12 /P10))
    (pad 27 smd rect (at 9.75 4.75 270) (size 1.1 0.25) (layers F.Cu F.Paste F.Mask)
      (net 45 VSS))
    (pad 28 smd rect (at 9.75 4.25 270) (size 1.1 0.25) (layers F.Cu F.Paste F.Mask)
      (net 26 /P12))
    (pad 29 smd rect (at 9.75 3.75 270) (size 1.1 0.25) (layers F.Cu F.Paste F.Mask)
      (net 24 /P13))
    (pad 30 smd rect (at 9.75 3.25 270) (size 1.1 0.25) (layers F.Cu F.Paste F.Mask)
      (net 22 /P14))
    (pad 31 smd rect (at 9.75 2.75 270) (size 1.1 0.25) (layers F.Cu F.Paste F.Mask)
      (net 20 /P15))
    (pad 32 smd rect (at 9.75 2.25 270) (size 1.1 0.25) (layers F.Cu F.Paste F.Mask)
      (net 17 /P16))
    (pad 33 smd rect (at 9.75 1.75 270) (size 1.1 0.25) (layers F.Cu F.Paste F.Mask)
      (net 15 /P17))
    (pad 34 smd rect (at 9.75 1.25 270) (size 1.1 0.25) (layers F.Cu F.Paste F.Mask)
      (net 13 /P18))
    (pad 35 smd rect (at 9.75 0.75 270) (size 1.1 0.25) (layers F.Cu F.Paste F.Mask)
      (net 11 /P19))
    (pad 36 smd rect (at 9.75 0.25 270) (size 1.1 0.25) (layers F.Cu F.Paste F.Mask)
      (net 10 /P20))
    (pad 37 smd rect (at 9.75 -0.25 270) (size 1.1 0.25) (layers F.Cu F.Paste F.Mask)
      (net 44 VCC))
    (pad 38 smd rect (at 9.75 -0.75 270) (size 1.1 0.25) (layers F.Cu F.Paste F.Mask)
      (net 8 /P22))
    (pad 39 smd rect (at 9.75 -1.25 270) (size 1.1 0.25) (layers F.Cu F.Paste F.Mask)
      (net 7 /P23))
    (pad 40 smd rect (at 9.75 -1.75 270) (size 1.1 0.25) (layers F.Cu F.Paste F.Mask)
      (net 6 /P24))
    (pad 41 smd rect (at 9.75 -2.25 270) (size 1.1 0.25) (layers F.Cu F.Paste F.Mask)
      (net 5 /P25))
    (pad 42 smd rect (at 9.75 -2.75 270) (size 1.1 0.25) (layers F.Cu F.Paste F.Mask)
      (net 4 /P26))
    (pad 43 smd rect (at 9.75 -3.25 270) (size 1.1 0.25) (layers F.Cu F.Paste F.Mask)
      (net 3 /P27))
    (pad 44 smd rect (at 9.75 -3.75 270) (size 1.1 0.25) (layers F.Cu F.Paste F.Mask)
      (net 2 /P28))
    (pad 45 smd rect (at 9.75 -4.25 270) (size 1.1 0.25) (layers F.Cu F.Paste F.Mask)
      (net 35 /P29))
    (pad 46 smd rect (at 9.75 -4.75 270) (size 1.1 0.25) (layers F.Cu F.Paste F.Mask)
      (net 45 VSS))
    (pad 47 smd rect (at 9.75 -5.25 270) (size 1.1 0.25) (layers F.Cu F.Paste F.Mask)
      (net 49 /P31_2))
    (pad 48 smd rect (at 9.75 -5.75 270) (size 1.1 0.25) (layers F.Cu F.Paste F.Mask)
      (net 34 /P32))
    (model ${KISYS3DMOD}/Package_SO.3dshapes/TSOP-I-48_18.4x12mm_P0.5mm.wrl
      (at (xyz 0 0 0))
      (scale (xyz 1 1 1))
      (rotate (xyz 0 0 0))
    )
  )

  (module Capacitor_SMD:C_0603_1608Metric (layer F.Cu) (tedit 5B301BBE) (tstamp 5BC02541)
    (at 108.712 111.252 90)
    (descr "Capacitor SMD 0603 (1608 Metric), square (rectangular) end terminal, IPC_7351 nominal, (Body size source: http://www.tortai-tech.com/upload/download/2011102023233369053.pdf), generated with kicad-footprint-generator")
    (tags capacitor)
    (path /5BC1D5A9)
    (attr smd)
    (fp_text reference C2 (at 0 -1.43 90) (layer F.SilkS)
      (effects (font (size 1 1) (thickness 0.15)))
    )
    (fp_text value 0.1uF (at 0 1.43 90) (layer F.Fab)
      (effects (font (size 1 1) (thickness 0.15)))
    )
    (fp_text user %R (at 0 0 90) (layer F.Fab)
      (effects (font (size 0.4 0.4) (thickness 0.06)))
    )
    (fp_line (start 1.48 0.73) (end -1.48 0.73) (layer F.CrtYd) (width 0.05))
    (fp_line (start 1.48 -0.73) (end 1.48 0.73) (layer F.CrtYd) (width 0.05))
    (fp_line (start -1.48 -0.73) (end 1.48 -0.73) (layer F.CrtYd) (width 0.05))
    (fp_line (start -1.48 0.73) (end -1.48 -0.73) (layer F.CrtYd) (width 0.05))
    (fp_line (start -0.162779 0.51) (end 0.162779 0.51) (layer F.SilkS) (width 0.12))
    (fp_line (start -0.162779 -0.51) (end 0.162779 -0.51) (layer F.SilkS) (width 0.12))
    (fp_line (start 0.8 0.4) (end -0.8 0.4) (layer F.Fab) (width 0.1))
    (fp_line (start 0.8 -0.4) (end 0.8 0.4) (layer F.Fab) (width 0.1))
    (fp_line (start -0.8 -0.4) (end 0.8 -0.4) (layer F.Fab) (width 0.1))
    (fp_line (start -0.8 0.4) (end -0.8 -0.4) (layer F.Fab) (width 0.1))
    (pad 2 smd roundrect (at 0.7875 0 90) (size 0.875 0.95) (layers F.Cu F.Paste F.Mask) (roundrect_rratio 0.25)
      (net 45 VSS))
    (pad 1 smd roundrect (at -0.7875 0 90) (size 0.875 0.95) (layers F.Cu F.Paste F.Mask) (roundrect_rratio 0.25)
      (net 44 VCC))
    (model ${KISYS3DMOD}/Capacitor_SMD.3dshapes/C_0603_1608Metric.wrl
      (at (xyz 0 0 0))
      (scale (xyz 1 1 1))
      (rotate (xyz 0 0 0))
    )
  )

  (module Capacitor_SMD:C_0603_1608Metric (layer F.Cu) (tedit 5B301BBE) (tstamp 5BC02531)
    (at 101.092 111.252 90)
    (descr "Capacitor SMD 0603 (1608 Metric), square (rectangular) end terminal, IPC_7351 nominal, (Body size source: http://www.tortai-tech.com/upload/download/2011102023233369053.pdf), generated with kicad-footprint-generator")
    (tags capacitor)
    (path /5BC0EC2D)
    (attr smd)
    (fp_text reference C1 (at 0 -1.43 90) (layer F.SilkS)
      (effects (font (size 1 1) (thickness 0.15)))
    )
    (fp_text value 0.1uF (at 0 1.43 90) (layer F.Fab)
      (effects (font (size 1 1) (thickness 0.15)))
    )
    (fp_line (start -0.8 0.4) (end -0.8 -0.4) (layer F.Fab) (width 0.1))
    (fp_line (start -0.8 -0.4) (end 0.8 -0.4) (layer F.Fab) (width 0.1))
    (fp_line (start 0.8 -0.4) (end 0.8 0.4) (layer F.Fab) (width 0.1))
    (fp_line (start 0.8 0.4) (end -0.8 0.4) (layer F.Fab) (width 0.1))
    (fp_line (start -0.162779 -0.51) (end 0.162779 -0.51) (layer F.SilkS) (width 0.12))
    (fp_line (start -0.162779 0.51) (end 0.162779 0.51) (layer F.SilkS) (width 0.12))
    (fp_line (start -1.48 0.73) (end -1.48 -0.73) (layer F.CrtYd) (width 0.05))
    (fp_line (start -1.48 -0.73) (end 1.48 -0.73) (layer F.CrtYd) (width 0.05))
    (fp_line (start 1.48 -0.73) (end 1.48 0.73) (layer F.CrtYd) (width 0.05))
    (fp_line (start 1.48 0.73) (end -1.48 0.73) (layer F.CrtYd) (width 0.05))
    (fp_text user %R (at 0 0 90) (layer F.Fab)
      (effects (font (size 0.4 0.4) (thickness 0.06)))
    )
    (pad 1 smd roundrect (at -0.7875 0 90) (size 0.875 0.95) (layers F.Cu F.Paste F.Mask) (roundrect_rratio 0.25)
      (net 41 /P_RST))
    (pad 2 smd roundrect (at 0.7875 0 90) (size 0.875 0.95) (layers F.Cu F.Paste F.Mask) (roundrect_rratio 0.25)
      (net 45 VSS))
    (model ${KISYS3DMOD}/Capacitor_SMD.3dshapes/C_0603_1608Metric.wrl
      (at (xyz 0 0 0))
      (scale (xyz 1 1 1))
      (rotate (xyz 0 0 0))
    )
  )

  (module Connector_PinHeader_2.54mm:PinHeader_1x02_P2.54mm_Horizontal (layer F.Cu) (tedit 5BC5C34A) (tstamp 5BC024FF)
    (at 103.632 70.358 90)
    (descr "Through hole angled pin header, 1x02, 2.54mm pitch, 6mm pin length, single row")
    (tags "Through hole angled pin header THT 1x02 2.54mm single row")
    (path /5BBEB3DB)
    (fp_text reference J1 (at 4.385 -2.27 90) (layer F.SilkS) hide
      (effects (font (size 1 1) (thickness 0.15)))
    )
    (fp_text value Conn_01x02 (at 4.385 4.81 90) (layer F.Fab)
      (effects (font (size 1 1) (thickness 0.15)))
    )
    (fp_line (start 2.135 -1.27) (end 4.04 -1.27) (layer F.Fab) (width 0.1))
    (fp_line (start 4.04 -1.27) (end 4.04 3.81) (layer F.Fab) (width 0.1))
    (fp_line (start 4.04 3.81) (end 1.5 3.81) (layer F.Fab) (width 0.1))
    (fp_line (start 1.5 3.81) (end 1.5 -0.635) (layer F.Fab) (width 0.1))
    (fp_line (start 1.5 -0.635) (end 2.135 -1.27) (layer F.Fab) (width 0.1))
    (fp_line (start -0.32 -0.32) (end 1.5 -0.32) (layer F.Fab) (width 0.1))
    (fp_line (start -0.32 -0.32) (end -0.32 0.32) (layer F.Fab) (width 0.1))
    (fp_line (start -0.32 0.32) (end 1.5 0.32) (layer F.Fab) (width 0.1))
    (fp_line (start 4.04 -0.32) (end 10.04 -0.32) (layer F.Fab) (width 0.1))
    (fp_line (start 10.04 -0.32) (end 10.04 0.32) (layer F.Fab) (width 0.1))
    (fp_line (start 4.04 0.32) (end 10.04 0.32) (layer F.Fab) (width 0.1))
    (fp_line (start -0.32 2.22) (end 1.5 2.22) (layer F.Fab) (width 0.1))
    (fp_line (start -0.32 2.22) (end -0.32 2.86) (layer F.Fab) (width 0.1))
    (fp_line (start -0.32 2.86) (end 1.5 2.86) (layer F.Fab) (width 0.1))
    (fp_line (start 4.04 2.22) (end 10.04 2.22) (layer F.Fab) (width 0.1))
    (fp_line (start 10.04 2.22) (end 10.04 2.86) (layer F.Fab) (width 0.1))
    (fp_line (start 4.04 2.86) (end 10.04 2.86) (layer F.Fab) (width 0.1))
    (fp_line (start 1.44 -1.33) (end 1.44 3.87) (layer F.SilkS) (width 0.12))
    (fp_line (start 1.44 3.87) (end 4.1 3.87) (layer F.SilkS) (width 0.12))
    (fp_line (start 4.1 3.87) (end 4.1 -1.33) (layer F.SilkS) (width 0.12))
    (fp_line (start 4.1 -1.33) (end 1.44 -1.33) (layer F.SilkS) (width 0.12))
    (fp_line (start 4.1 -0.38) (end 10.1 -0.38) (layer F.SilkS) (width 0.12))
    (fp_line (start 10.1 -0.38) (end 10.1 0.38) (layer F.SilkS) (width 0.12))
    (fp_line (start 10.1 0.38) (end 4.1 0.38) (layer F.SilkS) (width 0.12))
    (fp_line (start 4.1 -0.32) (end 10.1 -0.32) (layer F.SilkS) (width 0.12))
    (fp_line (start 4.1 -0.2) (end 10.1 -0.2) (layer F.SilkS) (width 0.12))
    (fp_line (start 4.1 -0.08) (end 10.1 -0.08) (layer F.SilkS) (width 0.12))
    (fp_line (start 4.1 0.04) (end 10.1 0.04) (layer F.SilkS) (width 0.12))
    (fp_line (start 4.1 0.16) (end 10.1 0.16) (layer F.SilkS) (width 0.12))
    (fp_line (start 4.1 0.28) (end 10.1 0.28) (layer F.SilkS) (width 0.12))
    (fp_line (start 1.11 -0.38) (end 1.44 -0.38) (layer F.SilkS) (width 0.12))
    (fp_line (start 1.11 0.38) (end 1.44 0.38) (layer F.SilkS) (width 0.12))
    (fp_line (start 1.44 1.27) (end 4.1 1.27) (layer F.SilkS) (width 0.12))
    (fp_line (start 4.1 2.16) (end 10.1 2.16) (layer F.SilkS) (width 0.12))
    (fp_line (start 10.1 2.16) (end 10.1 2.92) (layer F.SilkS) (width 0.12))
    (fp_line (start 10.1 2.92) (end 4.1 2.92) (layer F.SilkS) (width 0.12))
    (fp_line (start 1.042929 2.16) (end 1.44 2.16) (layer F.SilkS) (width 0.12))
    (fp_line (start 1.042929 2.92) (end 1.44 2.92) (layer F.SilkS) (width 0.12))
    (fp_line (start -1.27 0) (end -1.27 -1.27) (layer F.SilkS) (width 0.12))
    (fp_line (start -1.27 -1.27) (end 0 -1.27) (layer F.SilkS) (width 0.12))
    (fp_line (start -1.8 -1.8) (end -1.8 4.35) (layer F.CrtYd) (width 0.05))
    (fp_line (start -1.8 4.35) (end 10.55 4.35) (layer F.CrtYd) (width 0.05))
    (fp_line (start 10.55 4.35) (end 10.55 -1.8) (layer F.CrtYd) (width 0.05))
    (fp_line (start 10.55 -1.8) (end -1.8 -1.8) (layer F.CrtYd) (width 0.05))
    (fp_text user %R (at 2.77 1.27 180) (layer F.Fab)
      (effects (font (size 1 1) (thickness 0.15)))
    )
    (pad 1 thru_hole rect (at 0 0 90) (size 1.7 1.7) (drill 1) (layers *.Cu *.Mask)
      (net 45 VSS))
    (pad 2 thru_hole oval (at 0 2.54 90) (size 1.7 1.7) (drill 1) (layers *.Cu *.Mask)
      (net 43 /P_A18))
    (model ${KISYS3DMOD}/Connector_PinHeader_2.54mm.3dshapes/PinHeader_1x02_P2.54mm_Horizontal.wrl
      (at (xyz 0 0 0))
      (scale (xyz 1 1 1))
      (rotate (xyz 0 0 0))
    )
  )

  (module Connector_PinHeader_2.54mm:PinHeader_1x02_P2.54mm_Vertical (layer F.Cu) (tedit 5BC5C39B) (tstamp 5BC024EA)
    (at 103.632 107.188 90)
    (descr "Through hole straight pin header, 1x02, 2.54mm pitch, single row")
    (tags "Through hole pin header THT 1x02 2.54mm single row")
    (path /5BC015FA)
    (fp_text reference J2 (at 0 -2.33 90) (layer F.SilkS) hide
      (effects (font (size 1 1) (thickness 0.15)))
    )
    (fp_text value Conn_01x02 (at 0 4.87 90) (layer F.Fab)
      (effects (font (size 1 1) (thickness 0.15)))
    )
    (fp_line (start -0.635 -1.27) (end 1.27 -1.27) (layer F.Fab) (width 0.1))
    (fp_line (start 1.27 -1.27) (end 1.27 3.81) (layer F.Fab) (width 0.1))
    (fp_line (start 1.27 3.81) (end -1.27 3.81) (layer F.Fab) (width 0.1))
    (fp_line (start -1.27 3.81) (end -1.27 -0.635) (layer F.Fab) (width 0.1))
    (fp_line (start -1.27 -0.635) (end -0.635 -1.27) (layer F.Fab) (width 0.1))
    (fp_line (start -1.33 3.87) (end 1.33 3.87) (layer F.SilkS) (width 0.12))
    (fp_line (start -1.33 1.27) (end -1.33 3.87) (layer F.SilkS) (width 0.12))
    (fp_line (start 1.33 1.27) (end 1.33 3.87) (layer F.SilkS) (width 0.12))
    (fp_line (start -1.33 1.27) (end 1.33 1.27) (layer F.SilkS) (width 0.12))
    (fp_line (start -1.33 0) (end -1.33 -1.33) (layer F.SilkS) (width 0.12))
    (fp_line (start -1.33 -1.33) (end 0 -1.33) (layer F.SilkS) (width 0.12))
    (fp_line (start -1.8 -1.8) (end -1.8 4.35) (layer F.CrtYd) (width 0.05))
    (fp_line (start -1.8 4.35) (end 1.8 4.35) (layer F.CrtYd) (width 0.05))
    (fp_line (start 1.8 4.35) (end 1.8 -1.8) (layer F.CrtYd) (width 0.05))
    (fp_line (start 1.8 -1.8) (end -1.8 -1.8) (layer F.CrtYd) (width 0.05))
    (fp_text user %R (at 0 1.27 180) (layer F.Fab)
      (effects (font (size 1 1) (thickness 0.15)))
    )
    (pad 1 thru_hole rect (at 0 0 90) (size 1.7 1.7) (drill 1) (layers *.Cu *.Mask)
      (net 41 /P_RST))
    (pad 2 thru_hole oval (at 0 2.54 90) (size 1.7 1.7) (drill 1) (layers *.Cu *.Mask)
      (net 40 /P_WE))
    (model ${KISYS3DMOD}/Connector_PinHeader_2.54mm.3dshapes/PinHeader_1x02_P2.54mm_Vertical.wrl
      (at (xyz 0 0 0))
      (scale (xyz 1 1 1))
      (rotate (xyz 0 0 0))
    )
  )

  (module Resistor_SMD:R_0603_1608Metric (layer F.Cu) (tedit 5B301BBD) (tstamp 5BC023F0)
    (at 106.426 73.914)
    (descr "Resistor SMD 0603 (1608 Metric), square (rectangular) end terminal, IPC_7351 nominal, (Body size source: http://www.tortai-tech.com/upload/download/2011102023233369053.pdf), generated with kicad-footprint-generator")
    (tags resistor)
    (path /5BC01740)
    (attr smd)
    (fp_text reference R3 (at 0 -1.43) (layer F.SilkS)
      (effects (font (size 1 1) (thickness 0.15)))
    )
    (fp_text value 10K (at 0 1.43) (layer F.Fab)
      (effects (font (size 1 1) (thickness 0.15)))
    )
    (fp_line (start -0.8 0.4) (end -0.8 -0.4) (layer F.Fab) (width 0.1))
    (fp_line (start -0.8 -0.4) (end 0.8 -0.4) (layer F.Fab) (width 0.1))
    (fp_line (start 0.8 -0.4) (end 0.8 0.4) (layer F.Fab) (width 0.1))
    (fp_line (start 0.8 0.4) (end -0.8 0.4) (layer F.Fab) (width 0.1))
    (fp_line (start -0.162779 -0.51) (end 0.162779 -0.51) (layer F.SilkS) (width 0.12))
    (fp_line (start -0.162779 0.51) (end 0.162779 0.51) (layer F.SilkS) (width 0.12))
    (fp_line (start -1.48 0.73) (end -1.48 -0.73) (layer F.CrtYd) (width 0.05))
    (fp_line (start -1.48 -0.73) (end 1.48 -0.73) (layer F.CrtYd) (width 0.05))
    (fp_line (start 1.48 -0.73) (end 1.48 0.73) (layer F.CrtYd) (width 0.05))
    (fp_line (start 1.48 0.73) (end -1.48 0.73) (layer F.CrtYd) (width 0.05))
    (fp_text user %R (at 0 0) (layer F.Fab)
      (effects (font (size 0.4 0.4) (thickness 0.06)))
    )
    (pad 1 smd roundrect (at -0.7875 0) (size 0.875 0.95) (layers F.Cu F.Paste F.Mask) (roundrect_rratio 0.25)
      (net 44 VCC))
    (pad 2 smd roundrect (at 0.7875 0) (size 0.875 0.95) (layers F.Cu F.Paste F.Mask) (roundrect_rratio 0.25)
      (net 40 /P_WE))
    (model ${KISYS3DMOD}/Resistor_SMD.3dshapes/R_0603_1608Metric.wrl
      (at (xyz 0 0 0))
      (scale (xyz 1 1 1))
      (rotate (xyz 0 0 0))
    )
  )

  (module Resistor_SMD:R_0603_1608Metric (layer F.Cu) (tedit 5B301BBD) (tstamp 5BC023E0)
    (at 105.156 112.014)
    (descr "Resistor SMD 0603 (1608 Metric), square (rectangular) end terminal, IPC_7351 nominal, (Body size source: http://www.tortai-tech.com/upload/download/2011102023233369053.pdf), generated with kicad-footprint-generator")
    (tags resistor)
    (path /5BC0EB2B)
    (attr smd)
    (fp_text reference R2 (at 0 -1.43) (layer F.SilkS)
      (effects (font (size 1 1) (thickness 0.15)))
    )
    (fp_text value 10K (at 0 1.43) (layer F.Fab)
      (effects (font (size 1 1) (thickness 0.15)))
    )
    (fp_text user %R (at 0 0) (layer F.Fab)
      (effects (font (size 0.4 0.4) (thickness 0.06)))
    )
    (fp_line (start 1.48 0.73) (end -1.48 0.73) (layer F.CrtYd) (width 0.05))
    (fp_line (start 1.48 -0.73) (end 1.48 0.73) (layer F.CrtYd) (width 0.05))
    (fp_line (start -1.48 -0.73) (end 1.48 -0.73) (layer F.CrtYd) (width 0.05))
    (fp_line (start -1.48 0.73) (end -1.48 -0.73) (layer F.CrtYd) (width 0.05))
    (fp_line (start -0.162779 0.51) (end 0.162779 0.51) (layer F.SilkS) (width 0.12))
    (fp_line (start -0.162779 -0.51) (end 0.162779 -0.51) (layer F.SilkS) (width 0.12))
    (fp_line (start 0.8 0.4) (end -0.8 0.4) (layer F.Fab) (width 0.1))
    (fp_line (start 0.8 -0.4) (end 0.8 0.4) (layer F.Fab) (width 0.1))
    (fp_line (start -0.8 -0.4) (end 0.8 -0.4) (layer F.Fab) (width 0.1))
    (fp_line (start -0.8 0.4) (end -0.8 -0.4) (layer F.Fab) (width 0.1))
    (pad 2 smd roundrect (at 0.7875 0) (size 0.875 0.95) (layers F.Cu F.Paste F.Mask) (roundrect_rratio 0.25)
      (net 44 VCC))
    (pad 1 smd roundrect (at -0.7875 0) (size 0.875 0.95) (layers F.Cu F.Paste F.Mask) (roundrect_rratio 0.25)
      (net 41 /P_RST))
    (model ${KISYS3DMOD}/Resistor_SMD.3dshapes/R_0603_1608Metric.wrl
      (at (xyz 0 0 0))
      (scale (xyz 1 1 1))
      (rotate (xyz 0 0 0))
    )
  )

  (module Resistor_SMD:R_0603_1608Metric (layer F.Cu) (tedit 5B301BBD) (tstamp 5BC023D0)
    (at 103.378 73.914 180)
    (descr "Resistor SMD 0603 (1608 Metric), square (rectangular) end terminal, IPC_7351 nominal, (Body size source: http://www.tortai-tech.com/upload/download/2011102023233369053.pdf), generated with kicad-footprint-generator")
    (tags resistor)
    (path /5BBDA3D1)
    (attr smd)
    (fp_text reference R1 (at 0 -1.43 180) (layer F.SilkS)
      (effects (font (size 1 1) (thickness 0.15)))
    )
    (fp_text value 10K (at 0 1.43 180) (layer F.Fab)
      (effects (font (size 1 1) (thickness 0.15)))
    )
    (fp_line (start -0.8 0.4) (end -0.8 -0.4) (layer F.Fab) (width 0.1))
    (fp_line (start -0.8 -0.4) (end 0.8 -0.4) (layer F.Fab) (width 0.1))
    (fp_line (start 0.8 -0.4) (end 0.8 0.4) (layer F.Fab) (width 0.1))
    (fp_line (start 0.8 0.4) (end -0.8 0.4) (layer F.Fab) (width 0.1))
    (fp_line (start -0.162779 -0.51) (end 0.162779 -0.51) (layer F.SilkS) (width 0.12))
    (fp_line (start -0.162779 0.51) (end 0.162779 0.51) (layer F.SilkS) (width 0.12))
